0.0036940271966159344
0.013030244037508965
0.01880550803616643
0.02137050684541464
0.02796252630650997
0.0038565141148865223
0.012250281870365143
0.017436517868191004
0.023062604013830423
0.027680102735757828
0.004137041047215462
0.012269800994545221
0.01900217868387699
0.023201117757707834
0.02823535166680813
0.004027903079986572
0.012251881882548332
0.01760036824271083
0.023102623876184225
0.02800182718783617
0.004269664641469717
0.013052790891379118
0.01760742999613285
0.02304539131000638
0.02608094085007906
