 39.79608533764258
 62.62838300690055
 137.24399937829003
 237.84060672018677
 327.03238838817924
 0.004427763167768717
 0.005023499019443989
 0.005518423859030008
 0.006548762321472168
 0.0073133911937475204
 0.004555687308311462
 0.005197579972445965
 0.0054545593447983265
 0.006370068062096834
 0.007240844890475273
 0.0047635422088205814
 0.004966247361153364
 0.005443297326564789
 0.00660074595361948
 0.007316193077713251
 0.004454636946320534
 0.004883089102804661
 0.0056037199683487415
 0.006351272109895945
 0.0072399224154651165
