 39.70796768227592
 52.239029163029045
 104.21626301202923
 158.90368731319904
 253.90088983625174
 0.014572116080671549
 0.014175392221659422
 0.014193324837833643
 0.014520627912133932
 0.014310800936073065
 0.01454712264239788
 0.014603297226130962
 0.01455302769318223
 0.014410663861781359
 0.014610611833631992
 0.014353116042912006
 0.014903385192155838
 0.014376979786902666
 0.014294340275228024
 0.014691862743347883
 0.014605351723730564
 0.01456746319308877
 0.014346329029649496
 0.014531794935464859
 0.014384405687451363
