0.05017524119466543
0.06581308040767908
0.08060112921521068
0.09563468769192696
0.10699300188571215
0.05048759700730443
0.06300547160208225
0.07863724138587713
0.09763282909989357
0.10921283904463053
0.05038143182173371
0.06364765577018261
0.08029973460361362
0.09723547007888556
0.10931284725666046
0.05291412165388465
0.06600584415718913
0.08235361473634839
0.10102562233805656
0.10866898018866777
0.05149628594517708
0.06289305817335844
0.07783873798325658
0.09771467372775078
0.10707512404769659
