2.8691254556179047e-05
0.00027166400104761124
0.00449058273807168
0.05251306015998125
0.6185308848507702
2.7890782803297043e-05
0.00030520185828208923
0.0048758890479803085
0.052490413188934326
0.6130936201661825
3.0309893190860748e-05
0.0002899882383644581
0.004830119200050831
0.05280456459149718
0.6096065887250006
3.0135735869407654e-05
0.00032558897510170937
0.004850191064178944
0.05245060287415981
0.6112538389861584
2.963608130812645e-05
0.00029159383848309517
0.004778287839144468
0.049004464875906706
0.6116954828612506
