0.003513162024319172
0.007385849952697754
0.04922247864305973
0.5143253789283335
5.710830627009273
0.002986486069858074
0.003360543865710497
0.00752606987953186
0.05469405697658658
0.6510122721083462
0.002996798139065504
0.0033156871795654297
0.007438159082084894
0.05529810022562742
0.644853055011481
0.0029667289927601814
0.0033971709199249744
0.007445324212312698
0.05483600264415145
0.6504216599278152
0.002995461691170931
0.0035079061053693295
0.007242295891046524
0.05564426816999912
0.6489239716902375
